{
   "_versionMajor" : "0",
   "_versionMinor" : "2",
   "boundsCenter" : {
      "x" : -0.06549609,
      "y" : 0.2821531,
      "z" : 1.877227
   },
   "boundsSize" : {
      "x" : 2.075631,
      "y" : 0.896657,
      "z" : 0.9492364
   },
   "format" : "perpixel",
   "numAngles" : 1,
         "crop" : {
            "w" : 0.5893589854240417,
            "x" : 0.2060029953718185,
            "y" : 0.2851299941539764,
            "z" : 0.6562070250511169
         },
         "depthFocalLength" : {
            "x" : 2140.161376953125,
            "y" : 2140.610595703125
         },
         "depthImageSize" : {
            "x" : 3840,
            "y" : 2160
         },
         "depthPrincipalPoint" : {
            "x" : 1937.33349609375,
            "y" : 1067.896240234375
         },
         "extrinsics" : {
            "e00" : 1,
            "e01" : 0,
            "e02" : 0,
            "e03" : 0,

            "e10" : 0,
            "e11" : 1,
            "e12" : 0,
            "e13" : 0,

            "e20" : 0,
            "e21" : 0,
            "e22" : 1,
            "e23" : 0,

            "e30" : 0,
            "e31" : 0,
            "e32" : 0,
            "e33" : 1
         },
         "farClip" : 2.339699983596802,
         "nearClip" : 1.193719983100891,
   "textureHeight" : 2048,
   "textureWidth" : 2048
}

